INuc = 3/2;(* nuclear spin *)
Se = 1/2;(* electron spin *)
mRb = 1.4192261*10^-25; (*[kg]*)
gS = 2.00023; (*Lande g, spin*)
gL = 1; 
gI = -0.000995;
D2MatElem = 3.584*10^-29;(*<J=1/2||er||J'=3/2>[C*m]*)
D1MatElem = 2.537*10^-29;(*<J=1/2||er||J'=1/2>[C*m]*)
\[Lambda]D1 = 794.97885098*10^-9;(*[m]*) 
\[Lambda]D2 = 780.24120968613*10^-9;(*[m]*)
\[Nu]D1 = 384.230484468562; (*[THz]*)
\[Nu]D2 = 377.10746354 ;(*[THz]*)
\[Nu]HF = 6.83468261090429 ;(*[Ghz]*)
\[CapitalGamma]D2 = 2 \[Pi] 6.0659*10^6 ;(*[rad Hz]*)
EHF = h 10^9 \[Nu]HF;(*[J]*)

